Original Binary Numbers:
11011000
00000000
00000110
11011100
00000000
10000010
00110101
11010010
00111001
01000110
01000000
11000101
01010101
11110111
10011010
11111001

Transposed Bits:
1001010100010111
1001000101111101
0000001010000101
1001001110001111
1001000010000011
0011001001011100
0010010101000110
0000001010011101

Transposed (signed) Bits:
0110101011101000
1001000101111101
0000001010000101
1001001110001111
1001000010000011
0011001001011100
0010010101000110
0000001010011101



